Size:1853	TN:1853	FP:0	Accuracy:100.0%
Least:353	751	0.39
Most:783	853	0.69
Line_en	Line_zh	Similarity	Pair
	579	200	0.54	NO
	1451	360	0.55	NO
	1067	1361	0.47	NO
	737	961	0.52	NO
	1291	995	0.60	NO
	954	1671	0.54	NO
	648	1535	0.58	NO
	1027	108	0.54	NO
	287	300	0.54	NO
	270	951	0.55	NO
	1786	432	0.54	NO
	571	675	0.40	NO
	255	330	0.57	NO
	50	1462	0.47	NO
	277	944	0.56	NO
	554	1566	0.57	NO
	35	1783	0.58	NO
	1762	1834	0.52	NO
	597	1091	0.56	NO
	1523	1202	0.56	NO
	342	96	0.48	NO
	454	295	0.49	NO
	76	411	0.51	NO
	169	1842	0.60	NO
	714	1830	0.59	NO
	936	1768	0.54	NO
	1560	301	0.55	NO
	122	218	0.46	NO
	45	687	0.52	NO
	1798	1347	0.51	NO
	1535	107	0.55	NO
	645	822	0.52	NO
	1735	1258	0.55	NO
	856	1628	0.54	NO
	558	382	0.56	NO
	1103	1303	0.50	NO
	863	777	0.57	NO
	359	1555	0.58	NO
	673	1522	0.51	NO
	871	1599	0.54	NO
	843	1138	0.53	NO
	1058	422	0.49	NO
	1311	882	0.52	NO
	1643	1301	0.48	NO
	1501	622	0.55	NO
	107	1138	0.43	NO
	705	1776	0.49	NO
	482	509	0.55	NO
	1841	426	0.50	NO
	716	1123	0.47	NO
	1720	1588	0.53	NO
	1187	294	0.49	NO
	346	759	0.48	NO
	646	270	0.59	NO
	1711	1027	0.53	NO
	422	1229	0.46	NO
	748	110	0.60	NO
	1015	1390	0.48	NO
	189	617	0.48	NO
	660	1515	0.48	NO
	396	1231	0.58	NO
	1470	54	0.56	NO
	1199	423	0.52	NO
	1224	460	0.57	NO
	1742	937	0.53	NO
	284	473	0.58	NO
	1655	1347	0.53	NO
	1389	865	0.50	NO
	286	1360	0.62	NO
	863	1066	0.57	NO
	1023	192	0.56	NO
	245	694	0.40	NO
	760	1167	0.51	NO
	529	650	0.60	NO
	1801	864	0.47	NO
	1456	398	0.50	NO
	1292	1529	0.57	NO
	1804	442	0.57	NO
	49	1391	0.46	NO
	370	107	0.53	NO
	871	1414	0.51	NO
	1537	413	0.59	NO
	1713	1628	0.51	NO
	1572	312	0.53	NO
	816	1618	0.54	NO
	1646	1219	0.56	NO
	1701	1089	0.54	NO
	54	321	0.52	NO
	988	44	0.55	NO
	405	1387	0.50	NO
	550	1035	0.53	NO
	407	64	0.64	NO
	1105	1431	0.50	NO
	360	305	0.57	NO
	487	46	0.53	NO
	44	849	0.47	NO
	1730	806	0.58	NO
	665	996	0.58	NO
	535	651	0.62	NO
	1223	484	0.50	NO
	1830	913	0.57	NO
	221	1769	0.61	NO
	375	156	0.53	NO
	1724	1486	0.51	NO
	1541	169	0.44	NO
	1426	1120	0.51	NO
	1366	677	0.51	NO
	162	954	0.47	NO
	523	293	0.53	NO
	555	1512	0.55	NO
	1621	718	0.55	NO
	1371	1514	0.40	NO
	1783	912	0.57	NO
	704	1216	0.59	NO
	1735	1330	0.54	NO
	107	826	0.49	NO
	1513	1229	0.55	NO
	125	714	0.46	NO
	1366	1547	0.52	NO
	1608	1492	0.59	NO
	249	871	0.51	NO
	1720	1473	0.54	NO
	262	334	0.58	NO
	769	1527	0.57	NO
	523	1650	0.52	NO
	1634	724	0.48	NO
	139	231	0.46	NO
	1724	1694	0.46	NO
	1846	1167	0.60	NO
	1393	546	0.50	NO
	1036	338	0.50	NO
	85	350	0.50	NO
	58	529	0.53	NO
	1462	1665	0.54	NO
	1809	734	0.53	NO
	639	1540	0.51	NO
	654	225	0.53	NO
	978	1259	0.49	NO
	881	1217	0.49	NO
	1300	1670	0.56	NO
	1672	1088	0.48	NO
	1753	1173	0.63	NO
	627	25	0.58	NO
	1009	1166	0.56	NO
	1621	106	0.57	NO
	1008	1619	0.52	NO
	1075	1707	0.48	NO
	417	1535	0.59	NO
	211	1583	0.48	NO
	1846	335	0.55	NO
	1401	701	0.52	NO
	1665	628	0.54	NO
	662	697	0.49	NO
	509	177	0.53	NO
	322	587	0.49	NO
	589	1022	0.58	NO
	591	109	0.52	NO
	686	1604	0.53	NO
	1263	575	0.51	NO
	1557	949	0.51	NO
	1233	547	0.53	NO
	272	1633	0.50	NO
	943	352	0.51	NO
	596	1487	0.48	NO
	1291	958	0.51	NO
	1815	393	0.52	NO
	736	1361	0.47	NO
	1390	755	0.62	NO
	1550	1232	0.46	NO
	521	1458	0.63	NO
	1226	1665	0.48	NO
	1026	1557	0.54	NO
	1371	77	0.52	NO
	1610	1225	0.43	NO
	145	159	0.61	NO
	1406	1271	0.52	NO
	1626	924	0.56	NO
	251	1295	0.46	NO
	1440	870	0.44	NO
	891	1334	0.59	NO
	1462	1141	0.52	NO
	1440	87	0.50	NO
	1216	1540	0.48	NO
	589	718	0.56	NO
	1415	106	0.55	NO
	254	995	0.60	NO
	1476	513	0.56	NO
	318	1774	0.56	NO
	63	58	0.55	NO
	943	1225	0.48	NO
	1451	485	0.57	NO
	1685	1721	0.53	NO
	1254	1053	0.63	NO
	1364	925	0.53	NO
	207	164	0.39	NO
	694	1757	0.47	NO
	489	1740	0.45	NO
	756	1687	0.49	NO
	1013	541	0.57	NO
	204	1057	0.56	NO
	1451	533	0.53	NO
	224	1813	0.54	NO
	659	1368	0.50	NO
	1206	64	0.61	NO
	619	89	0.46	NO
	1468	226	0.48	NO
	1074	1788	0.54	NO
	1443	1166	0.52	NO
	1229	1548	0.60	NO
	290	1104	0.58	NO
	1709	1443	0.55	NO
	1047	1703	0.53	NO
	1563	1624	0.49	NO
	1845	1781	0.56	NO
	133	595	0.59	NO
	560	24	0.47	NO
	189	219	0.48	NO
	11	990	0.58	NO
	1239	308	0.55	NO
	942	1848	0.52	NO
	285	1718	0.58	NO
	232	1768	0.60	NO
	1791	633	0.54	NO
	314	406	0.57	NO
	1228	1012	0.59	NO
	1797	145	0.55	NO
	1416	821	0.50	NO
	999	1530	0.53	NO
	1132	1645	0.61	NO
	349	1270	0.48	NO
	1321	411	0.52	NO
	95	690	0.52	NO
	1097	1466	0.50	NO
	1148	1586	0.51	NO
	1020	607	0.50	NO
	779	750	0.45	NO
	811	1738	0.52	NO
	1395	559	0.54	NO
	1840	1528	0.55	NO
	1803	1760	0.47	NO
	871	898	0.66	NO
	1364	280	0.56	NO
	1060	577	0.44	NO
	121	533	0.54	NO
	1023	324	0.54	NO
	712	215	0.42	NO
	1059	1575	0.58	NO
	1352	1719	0.59	NO
	1522	1042	0.48	NO
	1236	610	0.63	NO
	149	41	0.51	NO
	1362	808	0.57	NO
	1039	1663	0.54	NO
	1308	536	0.57	NO
	1522	824	0.48	NO
	456	480	0.60	NO
	1052	436	0.44	NO
	780	1604	0.48	NO
	381	338	0.51	NO
	1656	675	0.43	NO
	228	1240	0.45	NO
	625	73	0.51	NO
	1456	983	0.54	NO
	1137	1300	0.50	NO
	1774	979	0.56	NO
	171	172	0.53	NO
	298	1167	0.56	NO
	670	1130	0.57	NO
	752	193	0.50	NO
	372	404	0.57	NO
	837	595	0.59	NO
	51	1644	0.59	NO
	1203	1486	0.53	NO
	1651	849	0.48	NO
	1691	404	0.55	NO
	64	722	0.46	NO
	371	868	0.54	NO
	1308	1194	0.58	NO
	1244	1398	0.59	NO
	1556	1563	0.50	NO
	84	1784	0.57	NO
	933	1212	0.56	NO
	1572	1592	0.49	NO
	1566	1305	0.48	NO
	1004	782	0.49	NO
	1846	1743	0.50	NO
	73	538	0.50	NO
	1781	1042	0.52	NO
	1026	672	0.53	NO
	583	650	0.61	NO
	1606	354	0.55	NO
	1111	1541	0.60	NO
	1505	91	0.58	NO
	655	60	0.46	NO
	888	1562	0.46	NO
	107	605	0.56	NO
	897	1433	0.59	NO
	444	1478	0.52	NO
	748	760	0.54	NO
	1037	741	0.43	NO
	1162	636	0.54	NO
	890	677	0.52	NO
	148	385	0.58	NO
	137	1133	0.56	NO
	1768	1118	0.50	NO
	76	1160	0.58	NO
	1114	1040	0.56	NO
	409	1363	0.53	NO
	441	1245	0.54	NO
	672	1812	0.48	NO
	72	1438	0.55	NO
	1429	1663	0.60	NO
	289	1411	0.54	NO
	1259	235	0.53	NO
	1726	356	0.60	NO
	1208	1692	0.53	NO
	462	1245	0.60	NO
	92	1169	0.53	NO
	694	1305	0.48	NO
	1612	899	0.64	NO
	242	919	0.45	NO
	220	976	0.65	NO
	1426	1732	0.59	NO
	1704	131	0.52	NO
	1256	1332	0.54	NO
	63	1002	0.55	NO
	1640	561	0.56	NO
	1249	1805	0.55	NO
	51	639	0.50	NO
	1178	1794	0.57	NO
	1131	1104	0.54	NO
	153	69	0.54	NO
	1388	1605	0.44	NO
	471	1591	0.58	NO
	1579	641	0.49	NO
	1796	176	0.58	NO
	551	1816	0.59	NO
	91	1220	0.56	NO
	1716	1318	0.57	NO
	791	1574	0.45	NO
	1185	67	0.44	NO
	1695	1223	0.53	NO
	1089	1300	0.54	NO
	901	861	0.54	NO
	1599	369	0.49	NO
	1303	827	0.54	NO
	1719	793	0.56	NO
	1533	1520	0.53	NO
	1378	488	0.52	NO
	27	1135	0.52	NO
	1751	359	0.57	NO
	338	1201	0.46	NO
	1845	1498	0.63	NO
	51	1395	0.59	NO
	1070	256	0.54	NO
	1188	1850	0.60	NO
	583	733	0.58	NO
	36	1640	0.60	NO
	1101	1714	0.60	NO
	530	1558	0.58	NO
	1729	1456	0.43	NO
	456	1050	0.54	NO
	1242	850	0.60	NO
	1751	1325	0.58	NO
	182	1166	0.47	NO
	1265	1075	0.60	NO
	938	1705	0.58	NO
	785	245	0.62	NO
	1838	268	0.52	NO
	765	1222	0.56	NO
	1504	1622	0.53	NO
	1703	989	0.54	NO
	926	886	0.63	NO
	1509	1297	0.50	NO
	1196	1559	0.52	NO
	1551	1122	0.60	NO
	1297	1111	0.59	NO
	927	1076	0.56	NO
	841	657	0.51	NO
	462	561	0.57	NO
	754	1525	0.46	NO
	138	130	0.53	NO
	1036	1349	0.51	NO
	252	1082	0.57	NO
	705	778	0.53	NO
	710	766	0.52	NO
	1127	504	0.52	NO
	1451	1074	0.49	NO
	752	1187	0.51	NO
	823	591	0.40	NO
	615	66	0.54	NO
	932	1193	0.52	NO
	1393	1637	0.41	NO
	649	471	0.57	NO
	485	1798	0.51	NO
	444	838	0.50	NO
	1433	253	0.52	NO
	1418	557	0.56	NO
	1192	933	0.56	NO
	475	15	0.52	NO
	1435	1652	0.58	NO
	865	945	0.49	NO
	1592	1142	0.47	NO
	1069	870	0.48	NO
	1231	1291	0.50	NO
	989	122	0.51	NO
	905	43	0.52	NO
	550	535	0.58	NO
	59	662	0.43	NO
	454	240	0.54	NO
	672	1842	0.57	NO
	1530	598	0.43	NO
	1207	1604	0.52	NO
	1748	1538	0.60	NO
	407	548	0.55	NO
	814	1278	0.53	NO
	950	1563	0.52	NO
	656	712	0.47	NO
	1165	782	0.51	NO
	577	1073	0.51	NO
	453	1509	0.49	NO
	705	302	0.44	NO
	866	29	0.50	NO
	1482	845	0.56	NO
	475	387	0.56	NO
	1079	232	0.58	NO
	692	342	0.52	NO
	1722	82	0.51	NO
	1368	1809	0.58	NO
	1673	1421	0.56	NO
	1273	1195	0.57	NO
	687	1504	0.61	NO
	723	1103	0.54	NO
	879	702	0.52	NO
	705	548	0.54	NO
	371	473	0.56	NO
	1414	1477	0.51	NO
	351	24	0.47	NO
	1475	1678	0.60	NO
	1409	1123	0.48	NO
	1655	697	0.49	NO
	216	187	0.65	NO
	1830	1493	0.59	NO
	1719	43	0.58	NO
	1311	1759	0.50	NO
	660	233	0.50	NO
	1483	1173	0.60	NO
	1248	1700	0.56	NO
	40	1012	0.50	NO
	440	1389	0.57	NO
	398	920	0.49	NO
	1782	507	0.51	NO
	1658	864	0.52	NO
	1269	1201	0.47	NO
	1777	1313	0.51	NO
	277	1380	0.51	NO
	947	677	0.50	NO
	1071	80	0.54	NO
	1636	1094	0.48	NO
	1398	1276	0.57	NO
	405	623	0.61	NO
	1392	345	0.61	NO
	47	1673	0.51	NO
	760	1849	0.53	NO
	676	623	0.57	NO
	822	1537	0.61	NO
	1754	525	0.60	NO
	1283	1695	0.54	NO
	740	1325	0.56	NO
	1698	1802	0.48	NO
	1321	574	0.53	NO
	633	530	0.55	NO
	1325	1654	0.55	NO
	1200	1775	0.47	NO
	1635	438	0.52	NO
	1148	1772	0.56	NO
	1552	302	0.44	NO
	793	381	0.51	NO
	728	339	0.50	NO
	677	1308	0.58	NO
	1721	545	0.55	NO
	1524	20	0.52	NO
	1011	546	0.49	NO
	265	1489	0.53	NO
	358	587	0.57	NO
	1580	328	0.51	NO
	1240	457	0.55	NO
	724	377	0.49	NO
	1597	1610	0.56	NO
	1147	510	0.58	NO
	537	814	0.62	NO
	803	1698	0.53	NO
	895	80	0.58	NO
	126	350	0.52	NO
	1271	1470	0.47	NO
	502	1065	0.46	NO
	853	200	0.58	NO
	1691	1250	0.39	NO
	485	600	0.56	NO
	1580	1809	0.54	NO
	925	125	0.50	NO
	124	957	0.43	NO
	908	1613	0.57	NO
	945	1394	0.55	NO
	780	1607	0.50	NO
	1062	1850	0.47	NO
	127	187	0.62	NO
	11	954	0.47	NO
	1232	550	0.53	NO
	143	237	0.45	NO
	649	1133	0.54	NO
	51	295	0.55	NO
	303	1792	0.54	NO
	799	337	0.60	NO
	1671	817	0.48	NO
	1034	677	0.50	NO
	1499	29	0.52	NO
	798	1545	0.53	NO
	737	860	0.55	NO
	362	1128	0.52	NO
	1143	1074	0.51	NO
	599	1445	0.49	NO
	1524	1056	0.49	NO
	363	399	0.55	NO
	30	671	0.57	NO
	388	924	0.55	NO
	1605	1557	0.56	NO
	1499	1107	0.54	NO
	1038	810	0.51	NO
	6	1163	0.53	NO
	769	355	0.57	NO
	130	1381	0.57	NO
	443	397	0.51	NO
	1533	847	0.47	NO
	45	428	0.49	NO
	1440	1030	0.55	NO
	65	169	0.60	NO
	1624	1647	0.52	NO
	1185	1590	0.56	NO
	909	368	0.54	NO
	0	786	0.44	NO
	313	1468	0.53	NO
	1374	1145	0.47	NO
	1444	366	0.54	NO
	1199	151	0.49	NO
	387	412	0.61	NO
	384	192	0.54	NO
	1136	547	0.47	NO
	685	220	0.63	NO
	1047	1265	0.48	NO
	303	1011	0.56	NO
	539	1575	0.59	NO
	446	823	0.51	NO
	982	330	0.56	NO
	3	411	0.54	NO
	1361	1643	0.47	NO
	1732	125	0.58	NO
	962	1827	0.58	NO
	495	993	0.65	NO
	503	444	0.49	NO
	481	762	0.48	NO
	136	1816	0.53	NO
	681	1028	0.57	NO
	457	59	0.55	NO
	565	1608	0.55	NO
	501	644	0.49	NO
	1373	506	0.58	NO
	761	697	0.53	NO
	503	1634	0.56	NO
	1001	558	0.53	NO
	870	746	0.50	NO
	1152	1323	0.45	NO
	892	147	0.55	NO
	566	314	0.50	NO
	1535	189	0.55	NO
	321	984	0.58	NO
	400	158	0.49	NO
	538	1104	0.58	NO
	1382	901	0.53	NO
	109	1558	0.58	NO
	1412	1398	0.57	NO
	13	1086	0.55	NO
	1377	845	0.50	NO
	450	803	0.52	NO
	59	323	0.47	NO
	705	566	0.55	NO
	1651	1165	0.54	NO
	1347	1167	0.53	NO
	601	192	0.51	NO
	956	1318	0.55	NO
	289	1398	0.47	NO
	638	162	0.59	NO
	1412	870	0.43	NO
	150	1552	0.52	NO
	942	1401	0.57	NO
	803	1169	0.47	NO
	664	145	0.54	NO
	1673	625	0.49	NO
	1526	1386	0.56	NO
	1668	609	0.55	NO
	154	396	0.47	NO
	1479	320	0.55	NO
	1184	154	0.54	NO
	538	903	0.52	NO
	0	473	0.55	NO
	595	211	0.49	NO
	1202	878	0.50	NO
	1515	741	0.47	NO
	399	1385	0.52	NO
	1010	1570	0.51	NO
	736	39	0.49	NO
	67	751	0.50	NO
	1044	1580	0.55	NO
	313	715	0.56	NO
	1101	1151	0.44	NO
	1036	1074	0.47	NO
	1041	653	0.59	NO
	1789	1466	0.47	NO
	257	863	0.55	NO
	338	332	0.59	NO
	367	1265	0.52	NO
	988	1119	0.53	NO
	943	204	0.61	NO
	708	1245	0.59	NO
	1325	1198	0.49	NO
	1304	1025	0.57	NO
	750	1846	0.45	NO
	547	1781	0.51	NO
	449	680	0.50	NO
	1088	473	0.53	NO
	1299	1630	0.52	NO
	1218	679	0.45	NO
	1254	661	0.48	NO
	1713	828	0.50	NO
	95	1384	0.55	NO
	1166	332	0.62	NO
	694	144	0.60	NO
	1327	1295	0.52	NO
	980	1160	0.50	NO
	555	1797	0.56	NO
	917	1852	0.52	NO
	937	1821	0.47	NO
	1777	631	0.46	NO
	1300	648	0.58	NO
	1530	1536	0.55	NO
	340	697	0.50	NO
	960	989	0.52	NO
	1271	1742	0.57	NO
	744	39	0.52	NO
	1596	938	0.45	NO
	947	1476	0.50	NO
	1141	487	0.51	NO
	1479	763	0.55	NO
	1122	1567	0.50	NO
	305	1511	0.57	NO
	446	836	0.48	NO
	1389	1746	0.58	NO
	979	1188	0.48	NO
	650	410	0.55	NO
	15	1479	0.57	NO
	761	313	0.58	NO
	56	83	0.47	NO
	920	1459	0.49	NO
	1561	1838	0.55	NO
	1712	1012	0.59	NO
	1686	1805	0.57	NO
	1102	340	0.45	NO
	616	1124	0.54	NO
	1468	1717	0.46	NO
	1333	1083	0.55	NO
	237	1445	0.49	NO
	399	1099	0.55	NO
	157	860	0.54	NO
	1530	547	0.44	NO
	641	1376	0.50	NO
	718	440	0.55	NO
	552	1774	0.51	NO
	1334	1838	0.54	NO
	540	720	0.51	NO
	72	1152	0.41	NO
	1442	554	0.56	NO
	1545	1610	0.53	NO
	1084	1695	0.48	NO
	670	1654	0.59	NO
	1239	1056	0.46	NO
	677	726	0.52	NO
	1680	810	0.51	NO
	1385	1822	0.46	NO
	75	1585	0.44	NO
	657	1606	0.56	NO
	1284	695	0.52	NO
	722	1444	0.46	NO
	1419	1634	0.63	NO
	1802	778	0.44	NO
	34	1497	0.55	NO
	152	945	0.56	NO
	124	1240	0.48	NO
	1541	1814	0.48	NO
	474	1039	0.61	NO
	1788	676	0.43	NO
	561	928	0.53	NO
	343	819	0.48	NO
	776	518	0.48	NO
	664	43	0.52	NO
	1567	161	0.52	NO
	1645	1119	0.56	NO
	564	901	0.49	NO
	1652	637	0.52	NO
	1006	1594	0.51	NO
	732	261	0.54	NO
	62	1559	0.52	NO
	1417	969	0.54	NO
	1820	1011	0.58	NO
	695	58	0.58	NO
	433	657	0.52	NO
	941	782	0.53	NO
	516	193	0.54	NO
	995	1365	0.50	NO
	666	1090	0.59	NO
	489	941	0.61	NO
	599	884	0.53	NO
	179	229	0.51	NO
	252	1690	0.48	NO
	172	11	0.55	NO
	1035	1379	0.53	NO
	5	1017	0.53	NO
	53	776	0.61	NO
	519	1617	0.52	NO
	979	1808	0.55	NO
	1789	804	0.52	NO
	36	1568	0.62	NO
	1043	1231	0.56	NO
	1250	973	0.54	NO
	1044	191	0.58	NO
	1289	1414	0.49	NO
	1274	663	0.61	NO
	3	244	0.54	NO
	229	444	0.55	NO
	1486	850	0.55	NO
	1260	1618	0.55	NO
	813	1814	0.54	NO
	1130	1799	0.59	NO
	281	161	0.51	NO
	1756	1190	0.54	NO
	139	1465	0.45	NO
	108	906	0.49	NO
	234	723	0.56	NO
	280	166	0.56	NO
	1138	341	0.49	NO
	174	241	0.56	NO
	882	1420	0.51	NO
	122	1099	0.50	NO
	1084	387	0.57	NO
	254	1838	0.51	NO
	1123	2	0.56	NO
	523	348	0.58	NO
	1331	853	0.60	NO
	1692	1491	0.50	NO
	1805	344	0.59	NO
	1368	714	0.52	NO
	538	887	0.47	NO
	707	561	0.60	NO
	882	14	0.59	NO
	1614	1340	0.55	NO
	1011	132	0.61	NO
	1598	848	0.51	NO
	1599	848	0.53	NO
	565	824	0.60	NO
	1249	1326	0.49	NO
	1190	697	0.48	NO
	836	817	0.50	NO
	1257	1169	0.60	NO
	778	1339	0.52	NO
	1598	449	0.58	NO
	1444	1019	0.55	NO
	1527	899	0.61	NO
	1323	332	0.59	NO
	68	1723	0.54	NO
	1819	1304	0.51	NO
	1242	936	0.54	NO
	543	1115	0.59	NO
	232	1163	0.58	NO
	868	935	0.59	NO
	1185	1578	0.49	NO
	1617	935	0.56	NO
	327	1557	0.62	NO
	1493	522	0.56	NO
	1438	8	0.54	NO
	1803	1788	0.56	NO
	43	1147	0.59	NO
	536	1835	0.50	NO
	36	678	0.59	NO
	440	446	0.60	NO
	565	1512	0.57	NO
	1221	885	0.56	NO
	505	256	0.50	NO
	1625	1438	0.44	NO
	1635	1441	0.59	NO
	387	1379	0.55	NO
	492	1593	0.59	NO
	589	1286	0.48	NO
	90	1732	0.56	NO
	141	595	0.53	NO
	239	544	0.44	NO
	1328	1438	0.58	NO
	579	673	0.51	NO
	1095	1695	0.45	NO
	1246	881	0.46	NO
	254	1574	0.59	NO
	297	1752	0.45	NO
	135	728	0.60	NO
	1344	1206	0.58	NO
	322	1846	0.50	NO
	1636	1848	0.47	NO
	615	35	0.57	NO
	1723	762	0.51	NO
	273	1330	0.47	NO
	571	1009	0.55	NO
	321	1582	0.54	NO
	1502	858	0.58	NO
	1598	495	0.52	NO
	1739	799	0.54	NO
	1593	451	0.45	NO
	1560	1158	0.48	NO
	1780	1042	0.56	NO
	698	123	0.47	NO
	732	1466	0.50	NO
	409	1766	0.53	NO
	1373	531	0.59	NO
	1834	724	0.44	NO
	1025	172	0.54	NO
	884	1389	0.58	NO
	969	1555	0.57	NO
	260	786	0.58	NO
	361	380	0.49	NO
	1144	1549	0.60	NO
	612	1767	0.62	NO
	1009	880	0.53	NO
	276	118	0.50	NO
	332	56	0.56	NO
	273	1074	0.50	NO
	474	1841	0.51	NO
	630	397	0.54	NO
	646	1485	0.51	NO
	1003	887	0.47	NO
	699	597	0.55	NO
	1389	268	0.52	NO
	1059	567	0.54	NO
	108	1338	0.48	NO
	912	769	0.53	NO
	1664	1564	0.58	NO
	1207	468	0.55	NO
	1037	1076	0.46	NO
	70	1016	0.52	NO
	1152	690	0.51	NO
	1468	793	0.52	NO
	697	1280	0.47	NO
	345	1071	0.52	NO
	1429	100	0.56	NO
	604	189	0.59	NO
	1313	50	0.42	NO
	1001	557	0.59	NO
	86	774	0.48	NO
	46	232	0.48	NO
	1256	817	0.51	NO
	1345	612	0.59	NO
	57	78	0.61	NO
	482	1748	0.48	NO
	1815	701	0.47	NO
	975	1534	0.50	NO
	1846	982	0.54	NO
	1663	269	0.53	NO
	739	595	0.57	NO
	228	757	0.50	NO
	1401	1481	0.52	NO
	835	1285	0.46	NO
	1376	672	0.53	NO
	245	643	0.49	NO
	1196	608	0.53	NO
	1514	1172	0.53	NO
	1039	712	0.59	NO
	112	772	0.56	NO
	38	845	0.52	NO
	352	1001	0.58	NO
	1096	1665	0.55	NO
	1305	1177	0.52	NO
	1427	495	0.47	NO
	358	1749	0.43	NO
	2	1121	0.51	NO
	1001	1377	0.47	NO
	1044	29	0.54	NO
	537	201	0.51	NO
	617	363	0.51	NO
	1487	928	0.50	NO
	1621	1700	0.49	NO
	1573	124	0.56	NO
	1410	1529	0.62	NO
	150	484	0.53	NO
	1395	1387	0.57	NO
	1835	858	0.58	NO
	1030	970	0.52	NO
	980	1281	0.49	NO
	1686	1067	0.51	NO
	335	1828	0.59	NO
	642	1640	0.57	NO
	1197	1240	0.52	NO
	779	103	0.43	NO
	1562	1463	0.52	NO
	1802	119	0.46	NO
	4	1546	0.58	NO
	1488	789	0.45	NO
	925	1078	0.51	NO
	539	1562	0.55	NO
	1557	189	0.52	NO
	296	1236	0.46	NO
	975	562	0.46	NO
	556	1288	0.47	NO
	317	409	0.54	NO
	157	199	0.52	NO
	1836	1664	0.60	NO
	1200	721	0.53	NO
	1039	610	0.60	NO
	1774	1692	0.46	NO
	824	665	0.57	NO
	770	1344	0.61	NO
	1231	221	0.51	NO
	413	1028	0.58	NO
	1200	601	0.52	NO
	1100	16	0.45	NO
	239	1762	0.50	NO
	671	1051	0.55	NO
	1797	1721	0.54	NO
	1169	387	0.57	NO
	1504	501	0.47	NO
	913	1294	0.64	NO
	827	547	0.45	NO
	411	1435	0.51	NO
	137	1246	0.60	NO
	1733	648	0.54	NO
	1608	692	0.62	NO
	908	468	0.53	NO
	486	1145	0.55	NO
	206	90	0.58	NO
	520	160	0.55	NO
	1522	1003	0.57	NO
	688	1008	0.51	NO
	1750	894	0.49	NO
	1691	913	0.53	NO
	1746	15	0.56	NO
	4	128	0.54	NO
	783	853	0.69	NO
	1612	783	0.56	NO
	480	1471	0.46	NO
	1651	365	0.54	NO
	838	1832	0.47	NO
	1576	550	0.50	NO
	440	95	0.57	NO
	668	1786	0.55	NO
	374	325	0.50	NO
	1670	1766	0.51	NO
	1075	857	0.50	NO
	528	23	0.56	NO
	1274	451	0.51	NO
	52	457	0.59	NO
	1277	555	0.50	NO
	1134	1304	0.53	NO
	1344	1554	0.51	NO
	1006	37	0.55	NO
	129	274	0.59	NO
	426	324	0.50	NO
	799	1002	0.57	NO
	789	29	0.63	NO
	870	1163	0.53	NO
	82	1020	0.56	NO
	1333	767	0.53	NO
	555	1802	0.48	NO
	1285	484	0.50	NO
	1628	678	0.56	NO
	301	416	0.59	NO
	1411	1475	0.58	NO
	1018	1068	0.44	NO
	1463	1452	0.54	NO
	1025	1431	0.53	NO
	181	42	0.63	NO
	1565	1543	0.52	NO
	774	1263	0.45	NO
	767	43	0.51	NO
	1418	641	0.49	NO
	269	270	0.50	NO
	1141	578	0.54	NO
	1430	565	0.54	NO
	1293	1209	0.58	NO
	1321	598	0.44	NO
	999	59	0.59	NO
	1715	1467	0.41	NO
	1683	680	0.47	NO
	970	724	0.45	NO
	963	1364	0.58	NO
	718	1580	0.53	NO
	704	875	0.64	NO
	1254	1513	0.50	NO
	1824	1563	0.51	NO
	122	699	0.56	NO
	1730	1567	0.48	NO
	72	652	0.51	NO
	582	1138	0.56	NO
	1509	220	0.53	NO
	373	1312	0.52	NO
	267	1820	0.50	NO
	1197	1020	0.55	NO
	48	600	0.52	NO
	973	745	0.53	NO
	1543	127	0.55	NO
	623	608	0.61	NO
	1196	1470	0.51	NO
	1417	1805	0.57	NO
	68	313	0.54	NO
	688	14	0.52	NO
	1462	994	0.51	NO
	437	1325	0.60	NO
	1117	1612	0.51	NO
	31	838	0.48	NO
	768	697	0.53	NO
	352	1254	0.57	NO
	984	481	0.60	NO
	1295	1706	0.50	NO
	1553	1829	0.58	NO
	1447	72	0.55	NO
	930	190	0.51	NO
	1107	1149	0.56	NO
	1762	448	0.53	NO
	1097	247	0.54	NO
	1331	1701	0.61	NO
	1369	1328	0.45	NO
	109	659	0.49	NO
	190	953	0.54	NO
	1618	914	0.51	NO
	1112	182	0.55	NO
	1378	1799	0.55	NO
	1140	1510	0.57	NO
	1343	1135	0.47	NO
	1773	695	0.49	NO
	1266	1459	0.50	NO
	190	1278	0.50	NO
	648	142	0.52	NO
	999	1832	0.51	NO
	783	104	0.64	NO
	1400	1234	0.56	NO
	1719	613	0.54	NO
	92	1150	0.58	NO
	818	1827	0.50	NO
	1437	450	0.57	NO
	1541	885	0.53	NO
	446	20	0.55	NO
	122	241	0.47	NO
	286	1371	0.56	NO
	1538	81	0.54	NO
	734	798	0.57	NO
	144	325	0.53	NO
	480	372	0.63	NO
	615	1346	0.67	NO
	185	1399	0.57	NO
	1776	276	0.53	NO
	566	1194	0.62	NO
	1396	457	0.54	NO
	1641	1508	0.46	NO
	525	320	0.51	NO
	1848	1838	0.52	NO
	1447	1192	0.53	NO
	368	87	0.58	NO
	1516	196	0.52	NO
	1299	1550	0.61	NO
	886	1304	0.53	NO
	548	1029	0.47	NO
	1372	687	0.51	NO
	804	140	0.49	NO
	1004	240	0.51	NO
	675	185	0.52	NO
	1536	819	0.53	NO
	824	415	0.52	NO
	917	316	0.54	NO
	197	1567	0.47	NO
	1138	1056	0.50	NO
	1382	160	0.55	NO
	1671	1683	0.54	NO
	1513	377	0.51	NO
	983	1491	0.54	NO
	1767	1132	0.51	NO
	1738	1179	0.54	NO
	1252	484	0.49	NO
	1684	921	0.57	NO
	1622	725	0.54	NO
	909	1739	0.60	NO
	166	573	0.49	NO
	1010	1248	0.46	NO
	1640	767	0.56	NO
	1804	1076	0.46	NO
	61	285	0.68	NO
	103	1546	0.53	NO
	1430	1323	0.45	NO
	807	563	0.50	NO
	228	1713	0.52	NO
	1123	1580	0.54	NO
	318	1185	0.59	NO
	336	1089	0.51	NO
	1037	429	0.52	NO
	1323	1482	0.55	NO
	583	1183	0.53	NO
	741	365	0.54	NO
	1798	1417	0.57	NO
	972	208	0.55	NO
	1769	1023	0.56	NO
	1511	1256	0.51	NO
	754	850	0.43	NO
	225	91	0.52	NO
	1475	598	0.51	NO
	1140	725	0.54	NO
	476	1523	0.47	NO
	1543	177	0.50	NO
	272	1019	0.53	NO
	699	643	0.51	NO
	397	1195	0.60	NO
	209	1648	0.45	NO
	890	275	0.45	NO
	5	854	0.57	NO
	1825	902	0.50	NO
	1265	1428	0.42	NO
	934	806	0.56	NO
	1480	296	0.52	NO
	1765	1658	0.59	NO
	1027	1469	0.67	NO
	1311	418	0.60	NO
	772	560	0.52	NO
	7	1501	0.52	NO
	1513	748	0.57	NO
	177	1040	0.58	NO
	394	786	0.55	NO
	1715	950	0.50	NO
	1829	478	0.53	NO
	819	1510	0.57	NO
	655	1385	0.51	NO
	263	70	0.56	NO
	889	1805	0.55	NO
	353	751	0.39	NO
	989	317	0.53	NO
	1402	30	0.54	NO
	561	1164	0.57	NO
	212	363	0.59	NO
	1188	1164	0.45	NO
	669	1300	0.55	NO
	1104	1323	0.49	NO
	970	877	0.48	NO
	351	20	0.57	NO
	1262	1453	0.57	NO
	1050	346	0.63	NO
	272	396	0.50	NO
	1545	1742	0.59	NO
	909	47	0.51	NO
	1380	1036	0.57	NO
	327	363	0.52	NO
	289	952	0.51	NO
	564	1448	0.46	NO
	569	960	0.53	NO
	321	1041	0.51	NO
	924	769	0.54	NO
	1401	1781	0.56	NO
	1389	688	0.48	NO
	1395	342	0.62	NO
	550	1411	0.51	NO
	1466	1286	0.52	NO
	35	1200	0.52	NO
	1154	858	0.59	NO
	621	1694	0.54	NO
	283	1826	0.55	NO
	1597	1095	0.53	NO
	1676	1419	0.62	NO
	291	474	0.59	NO
	213	145	0.49	NO
	53	121	0.61	NO
	641	1223	0.55	NO
	633	1280	0.53	NO
	1018	1844	0.52	NO
	1225	1835	0.48	NO
	323	1607	0.49	NO
	985	244	0.59	NO
	492	1307	0.49	NO
	1528	1708	0.53	NO
	1228	1639	0.53	NO
	821	319	0.60	NO
	940	663	0.62	NO
	144	861	0.52	NO
	495	989	0.57	NO
	1720	426	0.57	NO
	1103	1155	0.50	NO
	927	1250	0.59	NO
	1410	508	0.47	NO
	1423	554	0.59	NO
	184	1175	0.50	NO
	1402	719	0.52	NO
	250	1212	0.48	NO
	447	1125	0.59	NO
	619	923	0.50	NO
	396	488	0.61	NO
	109	1149	0.53	NO
	1667	1723	0.54	NO
	46	374	0.57	NO
	1513	1668	0.52	NO
	16	354	0.51	NO
	21	572	0.55	NO
	557	359	0.54	NO
	54	1105	0.50	NO
	1446	1460	0.50	NO
	451	340	0.45	NO
	146	1501	0.53	NO
	466	140	0.52	NO
	1110	545	0.61	NO
	1040	1002	0.55	NO
	1736	1689	0.55	NO
	1565	787	0.60	NO
	455	1262	0.60	NO
	146	317	0.51	NO
	1437	1639	0.58	NO
	267	177	0.48	NO
	773	206	0.55	NO
	1177	520	0.51	NO
	1451	674	0.54	NO
	368	1600	0.63	NO
	512	37	0.53	NO
	963	674	0.51	NO
	269	493	0.58	NO
	860	144	0.56	NO
	1362	1080	0.56	NO
	1679	1603	0.54	NO
	1564	85	0.51	NO
	628	1006	0.58	NO
	1719	1064	0.57	NO
	1263	1409	0.59	NO
	365	516	0.47	NO
	1183	835	0.52	NO
	601	1535	0.58	NO
	855	250	0.47	NO
	131	1699	0.55	NO
	638	373	0.40	NO
	1314	72	0.57	NO
	129	1583	0.52	NO
	935	292	0.58	NO
	1002	1541	0.58	NO
	1543	1808	0.58	NO
	476	1679	0.42	NO
	1375	238	0.52	NO
	213	1713	0.56	NO
	1783	120	0.54	NO
	1051	1359	0.55	NO
	107	507	0.45	NO
	718	978	0.50	NO
	963	601	0.49	NO
	1708	1775	0.48	NO
	1844	347	0.54	NO
	786	421	0.54	NO
	636	1276	0.51	NO
	368	1270	0.51	NO
	640	1597	0.57	NO
	1563	365	0.51	NO
	21	1399	0.55	NO
	993	41	0.46	NO
	659	911	0.52	NO
	311	607	0.46	NO
	1773	1478	0.49	NO
	395	755	0.56	NO
	803	1683	0.53	NO
	1235	47	0.54	NO
	1739	1816	0.55	NO
	879	1797	0.62	NO
	90	773	0.59	NO
	937	985	0.65	NO
	717	1097	0.56	NO
	1254	598	0.49	NO
	191	736	0.50	NO
	978	704	0.60	NO
	90	1486	0.51	NO
	1430	436	0.48	NO
	1321	477	0.59	NO
	339	1104	0.59	NO
	1752	1777	0.49	NO
	740	878	0.52	NO
	606	1699	0.49	NO
	1418	419	0.51	NO
	181	1577	0.48	NO
	817	1156	0.56	NO
	483	74	0.53	NO
	659	403	0.55	NO
	146	964	0.55	NO
	1042	11	0.59	NO
	1492	1072	0.57	NO
	1100	1592	0.47	NO
	1727	397	0.60	NO
	1790	1597	0.51	NO
	749	1080	0.52	NO
	352	769	0.63	NO
	193	1015	0.55	NO
	1667	1061	0.54	NO
	1707	1220	0.50	NO
	970	458	0.58	NO
	1158	622	0.55	NO
	249	275	0.47	NO
	1061	1187	0.48	NO
	429	1552	0.52	NO
	1351	1099	0.54	NO
	571	1014	0.54	NO
	943	1329	0.59	NO
	1316	1348	0.60	NO
	771	1415	0.53	NO
	53	661	0.54	NO
	1036	193	0.52	NO
	255	1603	0.51	NO
	826	523	0.55	NO
	272	728	0.60	NO
	818	1028	0.49	NO
	394	481	0.57	NO
	394	627	0.52	NO
	812	1407	0.55	NO
	470	1109	0.52	NO
	1426	1509	0.54	NO
	1580	861	0.48	NO
	690	1226	0.52	NO
	428	872	0.47	NO
	459	369	0.52	NO
	1128	1254	0.49	NO
	423	305	0.53	NO
	531	1540	0.51	NO
	658	491	0.58	NO
	1119	692	0.57	NO
	1205	263	0.51	NO
	1414	1143	0.54	NO
	499	1225	0.49	NO
	1334	627	0.52	NO
	491	403	0.65	NO
	1750	132	0.57	NO
	998	601	0.47	NO
	21	1463	0.47	NO
	1330	732	0.55	NO
	503	1308	0.55	NO
	1428	1200	0.54	NO
	1380	730	0.58	NO
	437	270	0.51	NO
	1006	1713	0.50	NO
	940	440	0.52	NO
	1462	1545	0.52	NO
	815	402	0.59	NO
	164	207	0.53	NO
	1786	402	0.58	NO
	1258	579	0.55	NO
	1666	1739	0.51	NO
	1497	492	0.59	NO
	627	1472	0.52	NO
	1287	1391	0.47	NO
	1465	1168	0.51	NO
	1096	296	0.47	NO
	195	1164	0.54	NO
	62	1665	0.54	NO
	409	1102	0.48	NO
	1371	683	0.49	NO
	1538	902	0.54	NO
	1417	1850	0.46	NO
	1716	1386	0.56	NO
	237	1415	0.54	NO
	1257	202	0.56	NO
	1645	671	0.68	NO
	1010	715	0.53	NO
	1643	1481	0.50	NO
	335	1093	0.54	NO
	856	1136	0.54	NO
	1206	1064	0.53	NO
	1468	1639	0.51	NO
	1391	1420	0.47	NO
	1113	1112	0.49	NO
	1618	491	0.54	NO
	1230	924	0.51	NO
	1831	834	0.52	NO
	922	594	0.53	NO
	1532	1145	0.55	NO
	1308	1741	0.57	NO
	1108	691	0.58	NO
	950	1300	0.55	NO
	1607	715	0.50	NO
	1659	1527	0.59	NO
	964	983	0.56	NO
	428	1153	0.46	NO
	1550	1707	0.53	NO
	836	1334	0.57	NO
	433	1200	0.55	NO
	1286	780	0.52	NO
	1655	532	0.58	NO
	396	346	0.56	NO
	35	1663	0.56	NO
	1589	800	0.51	NO
	1744	162	0.62	NO
	1668	1608	0.52	NO
	1031	1130	0.51	NO
	986	385	0.61	NO
	713	1097	0.52	NO
	1205	382	0.50	NO
	50	549	0.56	NO
	1261	471	0.48	NO
	1294	738	0.57	NO
	1534	1037	0.48	NO
	825	396	0.57	NO
	1637	278	0.46	NO
	1502	1535	0.59	NO
	675	1787	0.50	NO
	1599	1826	0.48	NO
	1405	95	0.53	NO
	1479	1847	0.59	NO
	5	1498	0.64	NO
	1412	342	0.57	NO
	684	1087	0.54	NO
	1653	1149	0.51	NO
	1808	363	0.48	NO
	506	579	0.65	NO
	1668	1509	0.50	NO
	1703	1523	0.57	NO
	173	1109	0.50	NO
	1101	888	0.49	NO
	178	890	0.53	NO
	24	1306	0.57	NO
	1286	307	0.60	NO
	45	549	0.61	NO
	1383	1011	0.58	NO
	610	480	0.57	NO
	1514	130	0.56	NO
	1249	8	0.48	NO
	1062	377	0.52	NO
	1004	834	0.52	NO
	1283	375	0.56	NO
	1307	340	0.48	NO
	520	743	0.56	NO
	1242	671	0.62	NO
	728	1695	0.54	NO
	400	948	0.54	NO
	809	1074	0.47	NO
	1469	1456	0.44	NO
	784	577	0.48	NO
	1350	217	0.51	NO
	425	961	0.56	NO
	1363	1496	0.54	NO
	1291	1507	0.57	NO
	1679	381	0.52	NO
	1575	392	0.55	NO
	120	501	0.48	NO
	1308	431	0.54	NO
	1644	647	0.52	NO
	1566	493	0.56	NO
	1260	611	0.61	NO
	716	1283	0.55	NO
	1457	1830	0.55	NO
	886	801	0.58	NO
	1754	1673	0.49	NO
	117	777	0.48	NO
	244	1412	0.50	NO
	537	792	0.57	NO
	761	573	0.57	NO
	1266	1177	0.55	NO
	756	1663	0.51	NO
	142	1601	0.54	NO
	1555	1573	0.54	NO
	372	1204	0.52	NO
	584	1710	0.46	NO
	1676	855	0.43	NO
	453	1607	0.51	NO
	293	493	0.57	NO
	848	1845	0.48	NO
	351	1249	0.55	NO
	1386	1310	0.49	NO
	1374	1240	0.53	NO
	858	403	0.54	NO
	680	13	0.57	NO
	810	59	0.48	NO
	1650	1146	0.58	NO
	86	404	0.52	NO
	1306	1640	0.53	NO
	892	191	0.60	NO
	711	1150	0.56	NO
	510	27	0.52	NO
	1717	821	0.51	NO
	50	727	0.54	NO
	14	105	0.48	NO
	1175	1607	0.48	NO
	1593	1208	0.59	NO
	1682	1213	0.50	NO
	1596	209	0.43	NO
	811	773	0.58	NO
	1781	1597	0.55	NO
	602	1319	0.55	NO
	227	735	0.52	NO
	1709	975	0.51	NO
	1346	495	0.58	NO
	1227	1391	0.47	NO
	1848	328	0.47	NO
	529	66	0.53	NO
	1035	547	0.50	NO
	1346	403	0.59	NO
	1818	797	0.44	NO
	1119	1256	0.49	NO
	1564	747	0.57	NO
	165	144	0.50	NO
	393	398	0.51	NO
	1063	379	0.57	NO
	1394	560	0.56	NO
	1497	1740	0.51	NO
	1782	73	0.48	NO
	1548	536	0.57	NO
	462	749	0.48	NO
	0	227	0.52	NO
	1306	764	0.55	NO
	1542	739	0.51	NO
	1170	1341	0.53	NO
	1136	1737	0.56	NO
	64	367	0.52	NO
	294	179	0.57	NO
	1194	1486	0.55	NO
	1819	87	0.52	NO
	186	1060	0.54	NO
	132	1025	0.56	NO
	898	1732	0.57	NO
	74	1077	0.56	NO
	742	625	0.54	NO
	1508	1060	0.53	NO
	1497	1815	0.53	NO
	1826	1280	0.57	NO
	1128	1736	0.50	NO
	1428	148	0.58	NO
	1749	138	0.46	NO
	1382	254	0.51	NO
	1415	1488	0.48	NO
	1825	808	0.49	NO
	463	1071	0.49	NO
	486	1591	0.57	NO
	1364	511	0.54	NO
	1412	1467	0.47	NO
	1212	535	0.45	NO
	1308	1134	0.57	NO
	1471	1624	0.49	NO
	1540	840	0.52	NO
	1179	253	0.55	NO
	917	606	0.46	NO
	1454	16	0.56	NO
	427	690	0.55	NO
	1342	919	0.49	NO
	1561	798	0.58	NO
	934	148	0.53	NO
	582	960	0.50	NO
	1617	607	0.56	NO
	1750	1558	0.51	NO
	821	1071	0.47	NO
	892	1144	0.60	NO
	8	206	0.59	NO
	782	40	0.53	NO
	1353	1541	0.56	NO
	320	323	0.50	NO
	684	26	0.48	NO
	1086	605	0.53	NO
	1580	1425	0.47	NO
	398	589	0.47	NO
	590	1522	0.54	NO
	1107	297	0.50	NO
	147	797	0.44	NO
	29	1596	0.59	NO
	881	787	0.48	NO
	822	324	0.50	NO
	845	97	0.44	NO
	1754	754	0.44	NO
	175	1484	0.47	NO
	706	1567	0.43	NO
	32	275	0.44	NO
	796	693	0.60	NO
	976	1066	0.60	NO
	1220	700	0.57	NO
	17	1253	0.47	NO
	909	786	0.54	NO
	107	888	0.50	NO
	657	479	0.48	NO
	1818	160	0.50	NO
	88	1639	0.58	NO
	226	749	0.52	NO
	1108	74	0.46	NO
	507	926	0.55	NO
	1614	93	0.56	NO
	83	1828	0.56	NO
	142	415	0.52	NO
	625	598	0.48	NO
	819	1127	0.51	NO
	1361	1211	0.54	NO
	153	372	0.64	NO
	756	761	0.47	NO
	1610	960	0.49	NO
	1043	1752	0.48	NO
	1178	409	0.58	NO
	877	1825	0.50	NO
	267	357	0.54	NO
	1331	1401	0.57	NO
	1361	1736	0.47	NO
	1817	1285	0.49	NO
	1501	1808	0.58	NO
	1495	983	0.52	NO
	733	263	0.58	NO
	1489	919	0.54	NO
	1135	594	0.48	NO
	76	308	0.58	NO
	420	690	0.53	NO
	1078	1608	0.51	NO
	214	1652	0.53	NO
	1241	228	0.45	NO
	685	1484	0.60	NO
	1840	1355	0.53	NO
	196	213	0.51	NO
	902	1051	0.51	NO
	592	477	0.55	NO
	329	1841	0.51	NO
	784	1705	0.55	NO
	976	1265	0.52	NO
	1537	475	0.52	NO
	946	1787	0.58	NO
	859	1304	0.50	NO
	408	432	0.56	NO
	804	482	0.44	NO
	1155	994	0.57	NO
	1586	1413	0.57	NO
	1310	769	0.55	NO
	396	527	0.47	NO
	737	405	0.57	NO
	1213	288	0.58	NO
	1761	533	0.57	NO
	35	862	0.53	NO
	1465	1234	0.57	NO
	811	315	0.57	NO
	436	1566	0.51	NO
	1504	1525	0.49	NO
	466	1581	0.53	NO
	552	765	0.47	NO
	333	944	0.52	NO
	1209	1092	0.52	NO
	1499	1296	0.52	NO
	1200	1740	0.51	NO
	171	958	0.54	NO
	276	644	0.52	NO
	941	1068	0.53	NO
	242	241	0.49	NO
	342	395	0.50	NO
	1705	1384	0.57	NO
	632	1851	0.56	NO
	1010	905	0.58	NO
	1464	669	0.57	NO
	86	1094	0.53	NO
	1791	1769	0.64	NO
	1383	1092	0.47	NO
	1402	94	0.52	NO
	1571	1503	0.55	NO
	772	958	0.59	NO
	1053	645	0.61	NO
	1061	1182	0.62	NO
	901	376	0.54	NO
	932	7	0.54	NO
	365	1457	0.53	NO
	792	424	0.47	NO
	243	881	0.50	NO
	41	734	0.54	NO
	160	1406	0.52	NO
	1362	690	0.56	NO
	747	658	0.56	NO
	1002	105	0.54	NO
	1251	1162	0.42	NO
	1594	1307	0.51	NO
	1359	187	0.53	NO
	894	951	0.58	NO
	463	1525	0.51	NO
	1035	732	0.56	NO
	1724	762	0.48	NO
	1764	68	0.55	NO
	136	637	0.54	NO
	1088	571	0.48	NO
	296	666	0.59	NO
	344	1839	0.57	NO
	1623	195	0.52	NO
	1364	1834	0.60	NO
	1378	945	0.46	NO
	58	77	0.54	NO
	1070	1194	0.60	NO
	1326	315	0.55	NO
	1323	468	0.52	NO
	430	1523	0.52	NO
	324	1343	0.44	NO
	1069	1794	0.53	NO
	1031	1800	0.47	NO
	1443	693	0.51	NO
	1260	88	0.53	NO
	836	282	0.53	NO
	1264	487	0.53	NO
	197	1115	0.56	NO
	1499	417	0.52	NO
	1249	867	0.59	NO
	1398	910	0.47	NO
	76	1787	0.54	NO
	1231	1085	0.46	NO
	640	561	0.59	NO
	1687	78	0.55	NO
	569	684	0.47	NO
	1262	194	0.54	NO
	146	658	0.61	NO
	1578	1637	0.48	NO
	478	339	0.54	NO
	1013	993	0.54	NO
	27	1473	0.62	NO
	357	478	0.48	NO
	30	434	0.48	NO
	534	1499	0.56	NO
	1826	679	0.51	NO
	376	230	0.56	NO
	900	398	0.59	NO
	1263	972	0.55	NO
	1743	103	0.49	NO
	1077	1646	0.55	NO
	1345	1171	0.57	NO
	1548	782	0.53	NO
	1410	1109	0.51	NO
	135	623	0.59	NO
	448	164	0.39	NO
	390	1702	0.57	NO
	1380	1335	0.59	NO
	1312	1222	0.58	NO
	574	189	0.52	NO
	1601	235	0.47	NO
	832	1225	0.53	NO
	493	1068	0.58	NO
	1287	1650	0.51	NO
	1543	351	0.53	NO
	87	217	0.52	NO
	1276	424	0.43	NO
	1831	88	0.51	NO
	1747	962	0.51	NO
	1075	653	0.56	NO
	283	864	0.46	NO
	1271	1235	0.49	NO
	1315	225	0.55	NO
	1298	630	0.52	NO
	1077	710	0.57	NO
	483	328	0.52	NO
	32	14	0.52	NO
	226	1102	0.54	NO
	468	889	0.55	NO
	537	1223	0.58	NO
	994	304	0.50	NO
	260	88	0.49	NO
	854	1316	0.53	NO
	234	267	0.43	NO
	723	409	0.51	NO
	353	784	0.52	NO
	322	1094	0.55	NO
	1049	170	0.45	NO
	925	1082	0.54	NO
	1687	35	0.57	NO
	532	1396	0.51	NO
	710	1119	0.57	NO
	738	1703	0.55	NO
	152	987	0.55	NO
	261	1272	0.52	NO
	1362	211	0.51	NO
	181	1005	0.61	NO
	1435	338	0.49	NO
	1811	1105	0.51	NO
	115	1086	0.55	NO
	150	716	0.53	NO
	948	1610	0.61	NO
	798	1133	0.56	NO
	895	434	0.50	NO
	1315	1231	0.57	NO
	1110	853	0.63	NO
	1247	1357	0.63	NO
	1131	465	0.56	NO
	837	0	0.46	NO
	36	1297	0.57	NO
	1605	392	0.49	NO
	774	15	0.51	NO
	1656	163	0.47	NO
	1340	1480	0.57	NO
	1076	1550	0.60	NO
	1351	853	0.59	NO
	1671	281	0.49	NO
	493	781	0.51	NO
	1091	753	0.55	NO
	1599	865	0.50	NO
	1307	1626	0.54	NO
	315	117	0.58	NO
	319	711	0.51	NO
	404	920	0.61	NO
	1295	257	0.53	NO
	71	1447	0.48	NO
	703	1478	0.51	NO
	406	1350	0.66	NO
	1396	668	0.59	NO
	837	962	0.52	NO
	855	479	0.54	NO
	117	1005	0.48	NO
	1308	1604	0.52	NO
	95	718	0.50	NO
	335	1303	0.54	NO
	1203	276	0.60	NO
	225	1606	0.58	NO
	991	951	0.60	NO
	352	664	0.55	NO
	434	249	0.56	NO
	1591	407	0.54	NO
	1849	1439	0.50	NO
	452	325	0.57	NO
	1513	864	0.50	NO
	1468	1357	0.58	NO
	1306	1060	0.56	NO
	502	1252	0.56	NO
	1586	337	0.58	NO
	455	947	0.55	NO
	1304	704	0.54	NO
	1436	1835	0.54	NO
	1551	315	0.53	NO
	1714	908	0.46	NO
	224	1300	0.56	NO
	527	1846	0.52	NO
	16	1326	0.48	NO
	1077	275	0.47	NO
	343	646	0.58	NO
	703	185	0.56	NO
	1022	1384	0.63	NO
	127	725	0.60	NO
	74	1668	0.55	NO
	824	1664	0.56	NO
	1004	1769	0.55	NO
	217	821	0.61	NO
	752	567	0.53	NO
	1345	961	0.56	NO
	256	1399	0.50	NO
	844	137	0.63	NO
	996	828	0.58	NO
	1554	411	0.55	NO
	144	1609	0.54	NO
	1187	347	0.51	NO
	801	12	0.52	NO
	48	708	0.48	NO
	1702	1198	0.50	NO
	779	1138	0.49	NO
	407	643	0.57	NO
	1764	1293	0.55	NO
	515	522	0.59	NO
	1289	363	0.43	NO
	436	297	0.52	NO
	1035	814	0.55	NO
